0000000000000000000000000000000000000000000000000000000000000000000000000000000000000000000000000
0000000000000000000000000000000000000000000000000000000000000000000000000000000000000000000000000
0000000000000000000000000000000000000000000000000000000000000000000000000000000000000000000000000
0000000000000000000000000000000000000000000000000000000000000000000000000000000000000000000000000
0000000000000000000000000000000000000000000000000000000000000000000000000000000000000000000000000
0000000000000000000000000000000000000000000000000000000000000000000000000000000000000000000000000
0000000000000000000000000000000000000000000000000000000000000000000000000000000000000000000000000
0000000000000000000000000000000000000000000000000000000000000000000000000000000000000000000000000
0000000000000000000000000000000000000000000000000000000000000000000000000000000000000000000000000
0000000000000000000000000000000000000000000000000000000000000000000000000000000000000000000000000
0000000000000000000000000000000000000000000000000000000000000000000000000000000000000000000000000
0000000000000000000000000000000000000000000000000000000000000000000000000000000000000000000000000
0000000000000000000000000000000000000000000000000000000000000000000000000000000000000000000000000
0000000000000000000000000000000000000000000000000000000000000000000000000000000000000000000000000
0000000000000000000000000000000000000000000000000000000000000000000000000000000000000000000000000
0000000000000000000000000000000000000000000000000000000000000000000000000000000000000000000000000
0000000000000000000000000000000000000000000000000000000000000000000000000000000000000000000000000
0000000000000000000000000000000000000000000000000000000000000000000000000000000000000000000000000
0000000000000000000000000000000000000000000000000000000000000000000000000000000000000000000000000
0000000000000000000000000000000000000000000000000000000000000000000000000000000000000000000000000
0000000000000000000000000000000000000000000000000000000000000000000000000000000000000000000000000
0000000000000000000000000000000000000000000000000000000000000000000000000000000000000000000000000
0000000000000000000000000000000000000000000000000000000000000000000000000000000000000000000000000
0000000000000000000000000000000000000000000000000000000000000000000000000000000000000000000000000
0000000000000000000000000000000000000000000000000000000000000000000000000000000000000000000000000
0000000000000000000000000000000000000000000000000000000000000000000000000000000000000000000000000
0000000000000000000000000000000000000000000000000000000000000000000000000000000000000000000000000
0000000000000000000000000000000000000000000000000000000000000000000000000000000000000000000000000
0000000000000000000000000000000000000000000000000000000000000000000000000000000000000000000000000
0000000000000000000000000000000000000000000000000000000000000000000000000000000000000000000000000
0000000000000000000000000000000000000000000000000000000000000000000000000000000000000000000000000
0000000000000000000000000000000000000000000000000000000000000000000000000000000000000000000000000
0000000000000000000000000000000000000000000000000000000000000000000000000000000000000000000000000
0000000000000000000000000000000000000000000000000000000000000000000000000000000000000000000000000
0000000000000000000000000000000000000000000000000000000000000000000000000000000000000000000000000
0000000000000000000000000000000000000000000000000000000000000000000000000000000000000000000000000
0000000000000000000000000000000000000000000000000000000000000000000000000000000000000000000000000
0000000000000000000000000000000000000000000000000000000000000000000000000000000000000000000000000
0000000000000000000000000000000000000000000000000000000000000000000000000000000000000000000000000
0000000000000000000000000000000000000000000000000000000000000000000000000000000000000000000000000
0000000000000000000000000000000000000000000000000000000000000000000000000000000000000000000000000
0000000000000000000000000000000000000000000000000000000000000000000000000000000000000000000000000
0000000000000000000000000000000000000000000000000000000000000000000000000000000000000000000000000
0000000000000000000000000000000000000000000000000000000000000000000000000000000000000000000000000
0000000000000000000000000000000000000000000000000000000000000000000000000000000000000000000000000
0000000000000001600000000000000000000000000000000000000000000000000000000000000000000000000000000
0000000000000005500000000000000000000000000000000000000000000000000000000000000000000000000000000
0000000000000005500000000000000000000000000000000000000000000000000000000000000000000000000000000
0000000006700005500000000000000000000000000000000000000000000000000000000000000000000000000000000
0000000000000005500000000000000000000000000000000000000000000000000000000000000000000000000000000
1600000000000005500000000000000000000000000000000000000000000000000000000000000000000000000000000
0000000000000005500000000000000000000000000000000000000000000000000000000000000000000000000000000
0000000000000005500000000000000000000000000000000000000000000000000000000000000000000000000000000
0000160000000005500000000000000000000000000000000000000000000000000000000000000000000000000000000
0000000000000005500000000000000000000000000000000000000000000000000000000000000000000000000000000
0000000000000005500000000000000000000000000000000000000000000000000000000000000000000000000000000
0000000000160005500000000000000000000000000000000000000000000000000000000000000000000000000000000
0000000000000005500000000000000000000000000000000000000000000000000000000000000000000000000000000
0000000000000005500000000000000000000000000000000000000000000000000000000000000000000000000000000
0000000000000005500000000000000000000000000000000000000000000000000000000000000000000000000000000
0000001600000005500000000000000000000000000000000000000000000000000000000000000000000000000000000
0000000000000005500000000000000000000000000000000000000000000000000000000000000000000000000000000
0000000000013335500000000000000000000000000000000000000000000000000000000000000000000000000000000
0000000000055585500000000000000000000000000000000000000000000000000000000000000000000000000000000
0000000000000085500000000000000000000000000000000000000000000000000000000000000000000000000000000
6100000000000085500000000000000000000000000000000000000000000000000000000000000000000000000000000
0000000000000085500000000000000000000000000000000000000000000000000000000000000000000000000000000
0000000000076085500000000000000000000000000000000000000000000000000000000000000000000000000000000
0000000000000085500000000000000000000000000000000000000000000000000000000000000000000000000000000
0000000000000085500000000000000000000000000000000000000000000000000000000000000000000000000000000
0001600000000085500000000000000000000000000000000000000000000000000000000000000000000000000000000
0000000000000085500000000000000000000000000000000000000000000000000000000000000000000000000000000
0000000001600085500000000000000000000000000000000000000000000000000000000000000000000000000000000
0000000000000085504000000000000000000000000000000000000000000000000000000000000000000000000000000
0167000000000085516700000000000000000000000000000000000000000000000000000000000000000000000000000